7 0.134488 0.305393 0.042354 0.030871
21 0.179043 0.310864 0.037954 0.036342
7 0.223322 0.311841 0.038504 0.025010
34 0.268702 0.310864 0.035754 0.033998
6 0.435919 0.313794 0.037954 0.032825
7 0.355886 0.311841 0.038504 0.027354
21 0.393289 0.312818 0.034103 0.030090
0 0.635589 0.308128 0.041254 0.028527
4 0.672167 0.309691 0.033003 0.033998
5 0.470022 0.312036 0.035754 0.032435
6 0.133938 0.429855 0.045655 0.039078
7 0.510176 0.312818 0.046755 0.034779
8 0.556381 0.310473 0.034653 0.031653
9 0.710121 0.308324 0.031903 0.029699
10 0.745325 0.305197 0.038504 0.037515
6 0.795930 0.306760 0.044004 0.036733
11 0.836909 0.309887 0.044554 0.044549
12 0.169417 0.428683 0.031903 0.035952
13 0.212321 0.428683 0.045105 0.031262
14 0.250550 0.430246 0.035754 0.039859
9 0.295380 0.430637 0.044004 0.032825
15 0.338834 0.430051 0.031903 0.041032
9 0.426293 0.427706 0.036304 0.037905
16 0.462046 0.427511 0.026403 0.032044
17 0.501100 0.428292 0.039604 0.029699
18 0.540429 0.427902 0.045655 0.039078
13 0.581958 0.426143 0.039604 0.035561
19 0.623762 0.427902 0.036304 0.040641
13 0.699395 0.423603 0.041254 0.037515
19 0.739549 0.427120 0.033553 0.043767
9 0.783553 0.428292 0.039054 0.042986
15 0.832783 0.423994 0.046205 0.035170
6 0.119637 0.553341 0.058856 0.035170
11 0.165567 0.556858 0.040704 0.039078
7 0.213971 0.556077 0.039604 0.032825
20 0.265127 0.555295 0.048405 0.039859
21 0.364686 0.557054 0.050605 0.030871
22 0.401265 0.556272 0.032453 0.031653
23 0.435094 0.555881 0.031903 0.031653
7 0.482398 0.553537 0.045105 0.031653
20 0.526953 0.552950 0.033003 0.039078
24 0.616337 0.546893 0.044554 0.030871
25 0.662266 0.552364 0.040704 0.032435
26 0.701045 0.551583 0.035754 0.037124
6 0.754125 0.550801 0.046205 0.032435
5 0.801155 0.555881 0.043454 0.041813
27 0.097085 0.675850 0.029153 0.038687
28 0.133113 0.673701 0.035204 0.035170
29 0.182068 0.674287 0.050605 0.033998
6 0.234598 0.676241 0.035754 0.038687
13 0.283003 0.677218 0.035754 0.036733
30 0.328658 0.675264 0.037954 0.040641
31 0.383388 0.678585 0.046205 0.047284
32 0.437294 0.673114 0.045105 0.039469
33 0.495875 0.685815 0.043454 0.041422
